7155051621	7155054864
7155051622	7155054867
7155051623	7155054870
7155051624	7155054875
7155051625	7155054878
7155051626	7155054883
7155051627	7155054888
7155051628	7155054889
7155051629	7155054893
7155051630	7155054900
7155051631	7155054902
7155051632	7155054906
7155051633	7155054910
7155051634	7155054914
7155051635	7155054918
7155051636	7155054921
7155051637	7155054926
7155051638	7155054930
7155051639	7155054934
7155051640	7155054937
7155051651	7155054953
7155051652	7155054957
7155051653	7155054962
7155051654	7155054963
7155051655	7155054970
7155051656	7155054972
7155051657	7155054976
7155051658	7155054979
7155051659	7155054985
7155051660	7155054987
7155051661	7155054992
7155051662	7155054998
7155051663	7155055001
7155051664	7155055004
7155051665	7155055008
7155051666	7155055014
7155051667	7155055015
7155051668	7155055020
7155051669	7155055024
7155051670	7155055027
7155051681	7155055042
7155051682	7155055046
7155051683	7155055051
7155051684	7155055054
7155051685	7155055060
7155051686	7155055062
7155051687	7155055068
7155051688	7155055071
7155051689	7155055074
7155051690	7155055079
7155051691	7155055084
7155051692	7155055086
7155051693	7155055090
7155051694	7155055094
7155051695	7155055097
7155051696	7155055102
7155051697	7155055108
7155051698	7155055110
7155051699	7155055116
7155051700	7155055118