7155051628 7155054889
7155051637 7155054926
7155051634 7155054914
7155051639 7155054934
7155051624 7155054874
7155051623 7155054869
7155051636 7155054921
7155051630 7155054900
7155051638 7155054930
7155051621 7155054864
7155051633 7155054910
7155051622 7155054868
7155051625 7155054878
7155051640 7155054937
7155051629 7155054893
7155051635 7155054918
7155051626 7155054884
7155051652 7155054955
7155051659 7155054985
7155051657 7155054975
7155051658 7155054980
7155051651 7155054953
7155051664 7155055003
7155051665 7155055010
7155051663 7155054999
7155051654 7155054966
7155051656 7155054973
7155051667 7155055015
7155051668 7155055020
7155051653 7155054961
7155051660 7155054987
7155051662 7155054996
7155051669 7155055026
7155051686 7155055062
7155051683 7155055051
7155051697 7155055108
7155051684 7155055053
7155051685 7155055059
7155051698 7155055111
7155051688 7155055071